1000
0.99079276 0.02994370
0.38367092 0.43492411
0.03613310 0.68372014
0.21813654 0.34309114
0.18009190 0.14399115
0.93181077 0.70592094
0.29057543 0.24468895
0.71164346 0.39581971
0.37300148 0.65870579
0.76544511 0.35390817
0.39201941 0.40041281
0.46468881 0.06669455
0.87668444 0.89599252
0.21210287 0.25100210
0.34670545 0.77601720
0.72906020 0.33749821
0.80596089 0.11273112
0.77242232 0.84209399
0.79645125 0.99055887
0.18518513 0.97654315
0.13455002 0.11699590
0.68246410 0.42512545
0.36168485 0.39410756
0.82094516 0.73468633
0.05281335 0.58639027
0.08859450 0.44483277
0.98680308 0.55328331
0.51152732 0.86348752
0.44927583 0.72363019
0.11448962 0.79598129
0.49964738 0.84354982
0.13347950 0.30560828
0.95628093 0.90590182
0.14770227 0.75273218
0.89646069 0.33288741
0.72927534 0.03101071
0.44988331 0.41173944
0.45613616 0.81156816
0.80584700 0.27708132
0.54625449 0.85866035
0.86347158 0.63484899
0.30349312 0.85027466
0.18813230 0.81502044
0.71376218 0.63740813
0.53865063 0.82825180
0.43338942 0.03829801
0.67180161 0.56686892
0.34390629 0.62808255
0.47277074 0.49160856
0.38081473 0.36923143
0.82449597 0.11009007
0.40024213 0.27437928
0.52182950 0.85637829
0.08594744 0.32767650
0.13345961 0.63220193
0.18633685 0.99693119
0.26705092 0.48982997
0.84720585 0.45518323
0.30485040 0.56096803
0.09259136 0.84350103
0.38921983 0.52598078
0.88179904 0.06102145
0.09284970 0.22570534
0.68910399 0.56562043
0.71731390 0.06991872
0.93485186 0.54180987
0.18000879 0.33509399
0.81618915 0.70183829
0.19147228 0.90213660
0.02951479 0.32493189
0.53433853 0.21585164
0.32186308 0.80138945
0.70568160 0.16906893
0.25657268 0.01053201
0.73003696 0.34916404
0.85403304 0.11925679
0.87514483 0.73583208
0.18027824 0.96799452
0.96153742 0.86938223
0.53361496 0.67885132
0.93930095 0.46846681
0.22066119 0.11930974
0.80356080 0.03685034
0.82114803 0.99503308
0.93898694 0.85066282
0.31996497 0.47332547
0.06651445 0.64182805
0.27471492 0.77219605
0.81089698 0.53128760
0.78272806 0.54093394
0.88045165 0.63676110
0.66019073 0.75559647
0.37259318 0.84046897
0.72359100 0.33413060
0.70985120 0.25720595
0.01298192 0.64915215
0.72567276 0.23364311
0.76846189 0.52923357
0.27049345 0.58960992
0.52426665 0.20948039
0.44027274 0.84423162
0.68280586 0.50678719
0.48605967 0.95752078
0.27898324 0.29695665
0.48880839 0.06171130
0.83789059 0.36926003
0.69847239 0.49808132
0.12485650 0.07106557
0.33855030 0.84844750
0.40519617 0.04840150
0.10565345 0.41817809
0.69755365 0.83132621
0.65182119 0.46601555
0.36055978 0.92231464
0.05562547 0.88482643
0.13179503 0.49589820
0.72905806 0.81460089
0.00268539 0.21511773
0.77212167 0.28166863
0.51207438 0.26093006
0.34337993 0.34996497
0.63019009 0.04185233
0.84804629 0.75504659
0.11291790 0.18659659
0.60349409 0.51811407
0.23499809 0.70914754
0.93629216 0.93255174
0.54047376 0.58811335
0.39856729 0.90103354
0.51042799 0.45419276
0.78585997 0.64222303
0.95009097 0.51491802
0.45682392 0.95277636
0.73003575 0.22894559
0.23444499 0.24211013
0.48987565 0.57782492
0.59207510 0.12006574
0.61967725 0.44012139
0.87511233 0.73259515
0.62671798 0.47860642
0.25070922 0.86171607
0.18775397 0.18700137
0.79426782 0.72822772
0.77511472 0.19283511
0.62926126 0.28554272
0.64702787 0.41512123
0.92776574 0.59711883
0.93003925 0.38458966
0.54989519 0.66007500
0.61353525 0.78434018
0.90218513 0.10341089
0.36216510 0.49426023
0.22347663 0.98184235
0.93438162 0.09858896
0.71443749 0.56109960
0.57719538 0.96514671
0.42281568 0.76494935
0.15214808 0.21708349
0.49317707 0.92726280
0.40991860 0.12243833
0.21280552 0.05694647
0.53755956 0.14057126
0.65406530 0.46759881
0.52516092 0.20396049
0.12767381 0.13869617
0.98830067 0.02985895
0.24210706 0.35046577
0.52411918 0.46558369
0.33230812 0.45850080
0.56417265 0.04674561
0.01960041 0.14136804
0.01189231 0.44241608
0.90631739 0.16404039
0.65949957 0.39949447
0.09130320 0.06941817
0.52193280 0.30410872
0.12636464 0.05949236
0.44467998 0.78042994
0.52709117 0.96984091
0.98439043 0.65476498
0.10853708 0.97269110
0.68462393 0.35064414
0.32315687 0.20874310
0.81622783 0.65546498
0.66724391 0.38040049
0.70221059 0.68684431
0.52176853 0.71410290
0.12926039 0.42808592
0.87814329 0.78875996
0.82758039 0.96944649
0.85817813 0.34951318
0.27355521 0.98454277
0.40900554 0.71823519
0.76497270 0.93609671
0.68807610 0.74936313
0.59086169 0.79661317
0.72205423 0.27548562
0.14725731 0.04521109
0.48422872 0.96348515
0.70067607 0.15147263
0.34388564 0.40288666
0.83831694 0.86565416
0.11698956 0.96757733
0.29374008 0.99513286
0.75633730 0.12132047
0.96457935 0.61451543
0.47083366 0.23813456
0.59905820 0.87983920
0.95636975 0.36403090
0.81593591 0.64444585
0.11339403 0.40679760
0.44105902 0.83544826
0.68228322 0.58831633
0.88065935 0.16651195
0.55180148 0.58133542
0.31798458 0.89568712
0.98422208 0.15630152
0.76134128 0.10121164
0.12387885 0.05508137
0.09634449 0.88021615
0.17640184 0.06092384
0.49473158 0.64723549
0.29905840 0.09378977
0.52707469 0.25542815
0.45782067 0.34301060
0.89987399 0.57121470
0.74980820 0.34093301
0.40666296 0.43209143
0.92924935 0.28732231
0.59860337 0.48105083
0.86865772 0.91658795
0.37673794 0.85287980
0.07288947 0.13807922
0.95409144 0.19676832
0.19316059 0.05043593
0.07698447 0.36956243
0.11135978 0.57171605
0.01679792 0.41041817
0.66550582 0.54387261
0.66584632 0.12332649
0.88688321 0.56572031
0.69454120 0.63669141
0.90665333 0.10120416
0.06878284 0.83590267
0.38852646 0.66738621
0.31695350 0.25718419
0.58397416 0.69369144
0.11006399 0.65686363
0.83177066 0.06415543
0.85363196 0.02493125
0.11459136 0.93061643
0.39449368 0.22595114
0.50233247 0.41129159
0.63636931 0.16783829
0.95516420 0.30221564
0.29116479 0.84204741
0.86793595 0.98570599
0.47873882 0.77458928
0.08691014 0.54752165
0.61049195 0.47543661
0.21490787 0.92744544
0.73262080 0.79888203
0.62113688 0.84268478
0.45574566 0.45290754
0.90684021 0.30937762
0.47783879 0.02143158
0.23999404 0.87233247
0.24738272 0.74232651
0.28362406 0.88375203
0.91016481 0.23878826
0.18596767 0.20132959
0.08083567 0.05390361
0.18703558 0.55957448
0.82849289 0.27394572
0.10709614 0.43898484
0.74938233 0.32200400
0.36643028 0.48200312
0.12088603 0.98756716
0.32468791 0.57663169
0.44047470 0.23152812
0.88600931 0.91831349
0.25295969 0.12600335
0.79064596 0.50034241
0.86832987 0.07427002
0.38409444 0.77849467
0.31305827 0.57006210
0.97982426 0.39389394
0.62396572 0.16685984
0.95346842 0.45245861
0.44080556 0.06056456
0.89144344 0.19018789
0.38256857 0.25787372
0.67219101 0.50345460
0.24544088 0.99687892
0.08008629 0.68591557
0.22840703 0.96609560
0.60422906 0.48136673
0.09209896 0.39487502
0.98170913 0.96042882
0.46914503 0.36580357
0.73892350 0.78220331
0.93586568 0.71874776
0.17609725 0.55983140
0.88560760 0.12956567
0.01229000 0.32641316
0.19013024 0.90373345
0.51660105 0.57269880
0.16160717 0.18879206
0.07615340 0.40704805
0.18567097 0.15623969
0.09296362 0.41407801
0.12233530 0.69719269
0.89544473 0.21443426
0.09206770 0.87715387
0.17486308 0.56121274
0.24295744 0.91378657
0.34341605 0.17882312
0.63253433 0.51951329
0.73865451 0.51814193
0.64907897 0.75094452
0.84455509 0.83920920
0.65467797 0.36115614
0.41190801 0.81628514
0.54994820 0.48806141
0.22333318 0.73561917
0.64430110 0.31629681
0.14969718 0.76663640
0.01348949 0.04514191
0.98107066 0.10555720
0.92229578 0.15593374
0.66676993 0.16525322
0.06972031 0.01018598
0.34407633 0.70225464
0.52969927 0.08273085
0.22039657 0.17877824
0.83367536 0.06495167
0.01798745 0.48835333
0.42610781 0.42989545
0.30463846 0.97605601
0.91795686 0.52797165
0.71167518 0.56225796
0.84426845 0.86137236
0.32889437 0.85775795
0.90651427 0.30996503
0.96331514 0.82881005
0.46589876 0.63008508
0.99406327 0.53561907
0.64027105 0.33813960
0.23787371 0.16997033
0.42087045 0.45827029
0.34874857 0.25454581
0.52322196 0.36673602
0.74289914 0.94932976
0.79663147 0.04753760
0.92538577 0.71458833
0.57550925 0.63706095
0.27684630 0.41977770
0.49843331 0.60574066
0.27753564 0.40494759
0.91570569 0.24085079
0.23375764 0.38160445
0.87093586 0.22782091
0.91722352 0.51120692
0.56596051 0.15509724
0.68117725 0.98683096
0.61336753 0.02992582
0.24137677 0.13658948
0.39666183 0.98427591
0.08591924 0.19329331
0.03181351 0.01130501
0.90788164 0.60732276
0.64836597 0.18472793
0.02710045 0.14679928
0.79046860 0.30463610
0.55174686 0.70617429
0.54548689 0.78550450
0.08777874 0.41642275
0.01332541 0.00500226
0.92762967 0.57928592
0.16009950 0.60880691
0.56611688 0.77346702
0.63873273 0.80749365
0.91005650 0.03539456
0.79176956 0.99597575
0.22868787 0.82358307
0.00728076 0.13656951
0.43090583 0.65564673
0.32129744 0.45800628
0.80244601 0.11176604
0.76264238 0.35419287
0.81794032 0.30812927
0.13969737 0.90571906
0.72455201 0.15302277
0.91072132 0.65218168
0.73230869 0.07082082
0.26098859 0.29842557
0.84428784 0.89972132
0.10591922 0.75434434
0.93511588 0.89768878
0.75032009 0.16380375
0.72127185 0.75760085
0.30037326 0.15217768
0.41324758 0.62167070
0.61018396 0.21569359
0.73343673 0.37282634
0.56988645 0.55137706
0.68095561 0.70958382
0.45709612 0.40550762
0.86260660 0.36781744
0.05768930 0.59491529
0.43863825 0.31867789
0.89334086 0.28292609
0.21839921 0.99926008
0.03727043 0.15351509
0.89694887 0.78759053
0.31731885 0.61822072
0.54519138 0.61769211
0.77039840 0.95843896
0.23936280 0.38058236
0.17413255 0.97279954
0.75340870 0.74401900
0.52417659 0.43436431
0.45360282 0.98127271
0.83987193 0.31620942
0.34909014 0.89756123
0.91112471 0.78772839
0.21623912 0.80446557
0.07065448 0.43463833
0.80372565 0.10792492
0.58815342 0.70067452
0.89551544 0.90547227
0.31889524 0.44070682
0.52316438 0.08929364
0.39914578 0.76252718
0.46987600 0.57327833
0.73532671 0.22328470
0.31729733 0.25950331
0.65764901 0.77090015
0.24077601 0.49752093
0.08710957 0.58986616
0.39508216 0.99823428
0.37759455 0.61132127
0.80269984 0.44824903
0.04595960 0.60642550
0.55617395 0.63411303
0.30710001 0.45168939
0.53958530 0.62599525
0.89239621 0.06274968
0.71528889 0.29154199
0.82527686 0.18516489
0.86482032 0.56060357
0.40844959 0.18211765
0.82010688 0.06609860
0.95301780 0.06088289
0.56361953 0.04012737
0.65074904 0.95870169
0.03836165 0.02834359
0.57002296 0.84106149
0.47659262 0.61598257
0.44748699 0.03276657
0.25009560 0.75458700
0.48445597 0.78968090
0.38058225 0.37685218
0.85243057 0.09587115
0.66839418 0.67770743
0.28103604 0.53321450
0.23831100 0.68948563
0.71533215 0.05841787
0.75558423 0.66834995
0.11930076 0.31920376
0.70847732 0.77004980
0.27790545 0.74683896
0.79839340 0.84792842
0.58790046 0.27498602
0.46391098 0.03538744
0.30775259 0.71400658
0.78997444 0.79220856
0.50368747 0.17055669
0.16906074 0.35611805
0.26642784 0.83745492
0.03382547 0.54746388
0.37066942 0.27213647
0.23694951 0.08600156
0.33055434 0.99253375
0.75435151 0.44985510
0.31173751 0.46282882
0.21990491 0.58964296
0.20966779 0.01829830
0.43757138 0.79756824
0.29328433 0.90148236
0.83295569 0.60103692
0.61548894 0.62293013
0.39324548 0.11917641
0.79348682 0.56230623
0.47529446 0.05991466
0.39976115 0.50911993
0.60737854 0.77043056
0.78125640 0.84432805
0.85643212 0.11181074
0.83686180 0.61078363
0.56166585 0.14859931
0.07361245 0.78157076
0.73824227 0.28328024
0.79986906 0.17581365
0.08084849 0.09315339
0.07729601 0.91380417
0.69419031 0.69278495
0.53673430 0.08743579
0.81196136 0.33022113
0.64974202 0.28725582
0.39013579 0.04950316
0.79637575 0.99751433
0.81993372 0.57763215
0.84184238 0.67636584
0.68944289 0.67870418
0.28714947 0.25110874
0.82730348 0.36076193
0.03267950 0.56554575
0.64404217 0.83254856
0.74135940 0.72489066
0.92570194 0.81865541
0.63869483 0.61989225
0.51144035 0.17542913
0.70732804 0.32340171
0.50565026 0.35707005
0.61065753 0.89578605
0.40657321 0.40703328
0.89330037 0.22650693
0.98466543 0.73514275
0.90287277 0.67410832
0.41384693 0.19002225
0.92521706 0.24115042
0.55078417 0.95789655
0.80669617 0.19482634
0.79044511 0.54805557
0.91971699 0.71614705
0.36671098 0.55841182
0.33603930 0.87815133
0.73384096 0.04336734
0.20155305 0.23949121
0.40043739 0.81221058
0.13527726 0.80701060
0.21924385 0.02857763
0.03351754 0.20390928
0.76372038 0.93639031
0.87801759 0.17756731
0.12641256 0.80323465
0.41871773 0.67719673
0.76113120 0.22541390
0.87202307 0.55157631
0.77346947 0.79174006
0.26772336 0.14018045
0.35015188 0.60376265
0.01833178 0.08399284
0.64712999 0.21988483
0.32348405 0.04756738
0.03209540 0.45876131
0.85457799 0.25133925
0.48733894 0.88809552
0.45524853 0.25105932
0.82448583 0.33326612
0.42862664 0.95089839
0.13650077 0.84734437
0.62809511 0.89763197
0.07275827 0.50011818
0.44920827 0.84622773
0.29185824 0.71693163
0.98640818 0.64201012
0.32069428 0.00473996
0.72600296 0.96782428
0.22462478 0.04948701
0.01539166 0.25672019
0.50824831 0.86996964
0.50805944 0.99558725
0.75806516 0.96330797
0.24664657 0.58255099
0.29657409 0.67527321
0.53344938 0.43307486
0.52261757 0.16154449
0.33070683 0.59537584
0.66166267 0.77991510
0.44160357 0.95352090
0.49684673 0.42801175
0.59553102 0.81754101
0.43275171 0.32153398
0.78536529 0.65737650
0.37102098 0.80075694
0.91409668 0.87926929
0.67072659 0.42215612
0.87485655 0.42879175
0.38546409 0.12150312
0.01134274 0.68203818
0.79677632 0.54479212
0.11511304 0.31939390
0.70633661 0.44581986
0.91476974 0.36799927
0.22573496 0.35637331
0.32152018 0.72258169
0.78438507 0.91705120
0.54012270 0.21713678
0.23858518 0.32548799
0.87451328 0.60960616
0.12624493 0.78860996
0.48887545 0.79697152
0.21076609 0.36373200
0.22576327 0.59623018
0.48523511 0.23710601
0.27826835 0.28201144
0.78189812 0.39338139
0.60140534 0.48823473
0.83920126 0.51617508
0.85623401 0.06493622
0.87254839 0.17775418
0.78751791 0.65693345
0.09480538 0.32764062
0.87407023 0.33339056
0.65312861 0.74858351
0.94299671 0.77937354
0.53719348 0.43187217
0.57634506 0.74795956
0.79560416 0.80210832
0.34418974 0.28083928
0.03921433 0.62245809
0.56285071 0.82111245
0.01583948 0.16425605
0.30934718 0.85504074
0.68043113 0.16558119
0.91997696 0.55297951
0.34333537 0.70749488
0.20991297 0.43814075
0.03513549 0.08398320
0.77153131 0.68826410
0.83256671 0.71452802
0.46763764 0.36976019
0.14640019 0.04398270
0.11771975 0.94200435
0.84609102 0.46190949
0.22284363 0.88530535
0.08436758 0.78569434
0.70641781 0.10020707
0.94995039 0.01576499
0.95524781 0.63038152
0.18134618 0.87522477
0.18336103 0.52468155
0.58271964 0.39327400
0.96282230 0.61785514
0.47725720 0.73435361
0.30611924 0.30982391
0.44888164 0.77375688
0.67958410 0.59528183
0.81773958 0.79730385
0.53728618 0.66383060
0.25921334 0.76012981
0.54913595 0.34358092
0.54582415 0.25555376
0.44378799 0.49577454
0.27131875 0.39903579
0.12615606 0.45266493
0.27426056 0.30951710
0.97734648 0.85698021
0.70279110 0.94016878
0.47483534 0.18004829
0.67452240 0.78095458
0.48987221 0.12340403
0.55471145 0.16945631
0.71868586 0.37245103
0.96676016 0.25597203
0.03628163 0.22597350
0.01610184 0.58541759
0.56955442 0.56192599
0.84097135 0.01334241
0.05770053 0.11229010
0.41237820 0.18385659
0.56495503 0.68663876
0.49337369 0.54230151
0.54361897 0.19616479
0.48247030 0.01845431
0.37621308 0.15699269
0.79940889 0.86608529
0.28039672 0.35412034
0.03554159 0.99908258
0.72657137 0.00230175
0.25505462 0.76285301
0.22827525 0.27115646
0.34827059 0.79782966
0.83308245 0.18924194
0.81117207 0.89078298
0.30153204 0.22355027
0.07463957 0.86648707
0.91018903 0.56801326
0.40878858 0.45380800
0.76417805 0.89125888
0.47226231 0.14039113
0.04825157 0.27167120
0.00647642 0.32864830
0.62579154 0.04201801
0.32773088 0.35236291
0.04431976 0.58278549
0.11521592 0.27259500
0.85394195 0.46348651
0.07042467 0.68702439
0.65272845 0.88159674
0.57780737 0.95426049
0.10514700 0.65244694
0.82074756 0.01533604
0.22046020 0.22953614
0.46914404 0.98463825
0.12079502 0.94140634
0.12502938 0.16904660
0.21307754 0.13150579
0.49769489 0.83886908
0.17352380 0.82542577
0.19123199 0.21784356
0.40821126 0.30644791
0.49043856 0.26215321
0.76993442 0.56086323
0.94917760 0.42266287
0.44245996 0.52698497
0.37692336 0.54760697
0.17943191 0.19767092
0.56294300 0.39989211
0.42720706 0.03208704
0.38453036 0.54800208
0.97349339 0.50955974
0.71704868 0.18657093
0.64106553 0.21474357
0.02544001 0.81458933
0.04016934 0.21667200
0.03243289 0.44838060
0.52311991 0.52287145
0.71053381 0.29305434
0.08373468 0.65971141
0.71571721 0.52619464
0.18669638 0.09264057
0.07380161 0.36612828
0.29031149 0.63674462
0.76602039 0.71751855
0.66883166 0.15055075
0.26552063 0.64232504
0.66011049 0.98256931
0.82889597 0.30117602
0.19731288 0.85433598
0.11576535 0.23748222
0.07100798 0.14819825
0.68586282 0.59412790
0.67106970 0.39639663
0.88718223 0.75480438
0.05610804 0.60289944
0.28099902 0.24280442
0.69554001 0.35480064
0.60893270 0.98585149
0.99154526 0.37495310
0.70337004 0.66037691
0.52550385 0.96889067
0.30270196 0.18561434
0.95145998 0.13159793
0.48679036 0.14877286
0.98593391 0.60255572
0.38625509 0.05694189
0.75075396 0.07211791
0.65106978 0.42182366
0.46851454 0.53825201
0.17662804 0.52462258
0.14115145 0.45762706
0.76742700 0.83669146
0.81242770 0.37635970
0.82254295 0.80397296
0.75131280 0.52591299
0.46434987 0.27681665
0.49480366 0.76705183
0.46243099 0.44626364
0.89864975 0.94922135
0.59503650 0.88458366
0.55177707 0.98129159
0.94152554 0.30253103
0.05340950 0.59259532
0.72435469 0.52192404
0.13084734 0.90098273
0.04654663 0.27199879
0.35860979 0.81397363
0.10869024 0.17103749
0.19033333 0.93123319
0.97501045 0.94164613
0.45714618 0.43936032
0.21846277 0.95194984
0.20641215 0.68089376
0.39821347 0.10506190
0.63011511 0.99324997
0.98964556 0.18189217
0.97454156 0.93117110
0.48442320 0.02795106
0.52376643 0.20877789
0.54987510 0.65461376
0.10976062 0.59642173
0.92661255 0.46837041
0.41039536 0.03530280
0.63940790 0.60072869
0.96653599 0.61441835
0.54237481 0.42368217
0.05377867 0.76083759
0.37563200 0.26019082
0.44173134 0.77384547
0.36525272 0.07184645
0.76709544 0.35489828
0.25373862 0.74163700
0.28606938 0.73816182
0.76958806 0.80983581
0.94693971 0.31946316
0.46444957 0.05670033
0.91588489 0.39106212
0.52507073 0.32628024
0.42636492 0.16447864
0.92700893 0.39290091
0.77889699 0.46938375
0.81658308 0.83267566
0.23022133 0.19221508
0.09286648 0.67195268
0.96606056 0.45811920
0.74379913 0.73315600
0.81301748 0.99753775
0.47479300 0.09908686
0.73569957 0.24438106
0.90892267 0.68263928
0.56384421 0.37337224
0.73933960 0.47972910
0.76443437 0.26441034
0.80600934 0.19079929
0.42888898 0.73301827
0.58370020 0.20778597
0.20240202 0.40028328
0.04046163 0.43262335
0.59249836 0.13332812
0.10457603 0.55855891
0.59144732 0.84837515
0.29171491 0.40446480
0.84591290 0.76650791
0.50355166 0.58161247
0.01088897 0.41247433
0.26425175 0.57473319
0.78584658 0.00359135
0.05446229 0.55028095
0.26800169 0.86047163
0.74108024 0.69689067
0.59348990 0.32478043
0.90467663 0.79589192
0.72506371 0.94513827
0.22851527 0.31756207
0.07846638 0.33309130
0.87612098 0.66991370
0.18146645 0.16783589
0.07437850 0.02737936
0.93434381 0.57793016
0.60899183 0.94523278
0.99040450 0.87324357
0.51996596 0.77625108
0.87683493 0.57442825
0.32653203 0.14483662
0.43489988 0.06761226
0.84172728 0.02838978
0.39239269 0.74640392
0.82428171 0.11745640
0.69154218 0.05279698
0.43501847 0.77000856
0.38588828 0.31113945
0.43992226 0.56735474
0.47897534 0.51430076
0.59473409 0.41331915
0.09223093 0.20372592
0.35855193 0.08263543
0.07696949 0.87851789
0.85888650 0.95380442
0.45294614 0.18541853
0.09864104 0.88784602
0.25303079 0.94036832
0.91623581 0.64542348
0.68677224 0.74051751
0.76287989 0.37831442
0.79331449 0.19789836
0.14832298 0.17920278
0.50903781 0.58824525
0.74655751 0.98801315
0.10254601 0.34129161
0.40133230 0.19477694
0.54501752 0.75988423
0.27741236 0.62198702
0.63840212 0.13629887
0.57579144 0.09134826
0.32171740 0.67443247
0.97919429 0.57474818
0.61480080 0.89543009
0.22017167 0.30157304
0.63594760 0.98305155
0.67988746 0.42926210
0.18094991 0.82821044
0.60846487 0.68998772
0.41645569 0.35502239
0.67800087 0.51900170
0.69631399 0.07933317
0.71377863 0.24133152
0.83921740 0.99119100
0.86331854 0.47761952
0.12748986 0.43910997
0.56896779 0.44920726
0.11354245 0.54816207
0.02395544 0.72834324
0.44359216 0.24412711
0.02991628 0.07953977
0.22717866 0.70980374
0.50880186 0.40812857
0.53801418 0.11726674
0.09811629 0.95446987
0.47228913 0.77611716
0.47347157 0.16860312
0.85545033 0.18725020
0.40993464 0.69466773
0.17844120 0.27325318
0.17228726 0.30593106
0.71236315 0.74125504
0.75513832 0.82590560
0.28941712 0.77909376
0.55424884 0.73300928
0.02322087 0.58416512
0.81254905 0.25039954
0.29396886 0.32135091
0.65852811 0.83198304
0.43861765 0.75664440
0.78645290 0.91090678
0.53276157 0.25992447
0.07950990 0.38821190
0.44717467 0.48944454
0.08287963 0.62561587
0.76269771 0.25516689
0.93154693 0.47506086
0.99642193 0.68668525
0.30096645 0.28583905
0.46577901 0.85521529
0.01884833 0.48899989
0.43938041 0.83139737
0.73939943 0.73334927
0.15274828 0.39792754
0.56533231 0.59136593
0.15457194 0.35178521
0.50227270 0.68733351
0.61170968 0.58178260
0.07554540 0.05888435
0.07122714 0.15842504
0.68450021 0.83392485
0.41359192 0.61604714
0.30898571 0.41001385
0.30273239 0.60995216
0.69585290 0.76851140
0.46516746 0.71470123
0.25751129 0.90454787
0.54609860 0.99691071
0.63789714 0.69884688
0.39483825 0.20322945
0.29021281 0.54941019
0.55501466 0.79248551
0.23674370 0.16672434
0.37426811 0.31228911
0.22560868 0.44549525
0.47071414 0.91010890
0.27942010 0.88430606
0.52615604 0.58840581
0.29431992 0.82888842
0.19835797 0.99017282
0.59739983 0.66352543
0.70487405 0.85491111
0.56807330 0.25097264
0.85182183 0.20597044
0.94981952 0.24666008
0.40919989 0.24003233
0.79607027 0.96421455
0.03251784 0.03281397
0.13093889 0.40678595
0.34510308 0.35654757
0.85228120 0.81581722
0.26665646 0.13170130
0.70012328 0.79281250
0.72010710 0.99444320
0.62170092 0.91846507
0.98461602 0.21910075
0.58199050 0.68949007
0.07401186 0.15006380
0.94046271 0.92583369
0.35603424 0.89028224
0.17249376 0.76523413
0.13031456 0.96856404
0.72944868 0.16283240
0.00137801 0.86038757
0.56961836 0.34648108
0.21693514 0.42189956
0.16229830 0.48359160
0.55360085 0.86242159
0.27640410 0.27370796
0.85686479 0.89810503
0.19217303 0.84148081
0.11720577 0.77416353
0.53097088 0.19121764
0.92422733 0.47143359
